0 1 324 782 511 160 783 187 942 752 27 161 587 949 593 592 788 26 485 325 586 753 351 943 948 789 350 747 186 746 510 484 
0 2 648 627 1022 320 625 374 819 399 54 322 249 773 205 207 583 52 970 650 251 397 702 817 775 581 700 441 372 443 1020 968 
0 4 383 137 915 640 141 748 521 798 108 644 498 613 410 414 225 104 1019 379 502 794 275 525 609 229 279 882 744 886 919 1023 
0 8 766 274 841 367 282 439 125 595 216 359 996 165 820 828 450 208 921 758 1004 603 550 117 173 458 558 651 447 643 833 913 
0 16 403 548 765 734 564 878 250 201 432 718 935 330 519 535 900 416 861 387 951 217 35 234 346 916 51 377 894 361 749 845 
0 32 806 39 405 467 7 691 500 402 864 499 801 660 97 65 871 832 725 774 769 434 70 468 692 839 102 754 659 722 437 757 
0 64 547 78 810 934 14 265 1000 804 687 998 557 327 194 130 673 751 453 611 621 868 140 936 263 737 204 395 329 459 874 389 
0 128 41 156 571 803 28 530 959 551 305 931 53 654 388 260 301 433 906 169 181 679 280 831 526 429 408 790 658 918 699 778 
0 256 82 312 25 553 56 75 785 33 610 809 106 371 776 520 602 866 891 338 362 289 560 529 115 858 816 579 331 835 281 635 
0 512 164 624 50 61 112 150 589 66 171 573 212 742 639 127 219 683 665 676 724 578 15 77 230 731 527 233 662 745 562 153 
0 111 328 143 100 122 224 300 245 132 342 21 424 419 145 254 438 313 349 295 455 235 30 154 460 473 113 466 323 445 11 306 
0 222 656 286 200 244 448 600 490 264 684 42 848 838 290 508 876 626 698 590 910 470 60 308 920 946 226 932 646 890 22 612 
0 444 335 572 400 488 896 223 980 528 311 84 719 739 580 1016 695 139 283 243 883 940 120 616 863 779 452 807 355 667 44 167 
0 888 670 23 800 976 879 446 967 79 622 168 497 425 231 927 257 278 566 486 649 823 240 191 721 633 904 545 710 345 88 334 
0 671 339 46 559 975 689 892 993 158 179 336 994 850 462 849 514 556 3 972 381 513 480 382 461 157 895 45 483 690 176 668 
0 337 678 92 49 1009 269 663 941 316 358 672 939 715 924 717 107 55 6 1015 762 109 960 764 922 314 657 90 966 267 352 343 
0 674 291 184 98 909 538 321 821 632 716 303 825 505 855 501 214 110 12 897 411 218 1007 407 859 628 333 180 995 534 704 686 
0 299 582 368 196 885 91 642 517 159 503 606 541 1010 705 1002 428 220 24 877 822 436 945 814 729 135 666 360 937 67 495 307 
0 598 227 736 392 645 182 363 101 318 1006 211 85 907 493 955 856 440 48 693 515 872 781 563 477 270 347 720 829 134 990 614 
0 195 454 431 784 357 364 726 202 636 947 422 170 889 986 793 735 880 96 261 105 703 629 9 954 540 694 463 533 268 979 163 
0 390 908 862 591 714 728 451 404 151 777 844 340 669 987 605 465 655 192 522 210 273 133 18 795 87 259 926 69 536 969 326 
0 780 887 723 241 507 479 902 808 302 637 759 680 341 985 213 930 369 384 123 420 546 266 36 601 174 518 851 138 95 1021 652 
0 631 641 457 482 1014 958 867 575 604 149 385 319 682 989 426 811 738 768 246 840 43 532 72 221 348 99 713 276 190 917 375 
0 129 365 914 964 899 787 681 17 215 298 770 638 315 981 852 569 427 623 492 767 86 71 144 442 696 198 509 552 380 837 750 
0 258 730 843 999 873 585 317 34 430 596 619 147 630 965 711 29 854 177 984 401 172 142 288 884 287 396 1018 63 760 741 435 
0 516 475 761 929 701 253 634 68 860 199 185 294 131 997 481 58 707 354 991 802 344 284 576 647 574 792 923 126 415 421 870 
0 103 950 413 813 277 506 155 136 727 398 370 588 262 933 962 116 489 708 977 555 688 568 239 353 19 607 857 252 830 842 675 
0 206 771 826 565 554 1012 310 272 449 796 740 247 524 805 1003 232 978 487 973 57 271 31 478 706 38 209 733 504 531 763 297 
0 412 617 539 5 59 903 620 544 898 599 423 494 119 549 953 464 971 974 1013 114 542 62 956 491 76 418 469 1008 73 409 594 
0 824 189 89 10 118 865 183 47 875 193 846 988 238 37 797 928 1017 1011 901 228 83 124 791 982 152 836 938 911 146 818 203 
0 543 378 178 20 236 685 366 94 697 386 755 983 476 74 597 815 925 905 869 456 166 248 577 963 304 743 827 881 292 523 406 
0 81 756 356 40 472 309 732 188 285 772 393 961 952 148 197 561 853 893 677 912 332 496 237 1001 608 417 537 653 584 121 812 
0 162 391 712 80 944 618 471 376 570 615 786 1005 799 296 394 13 709 661 293 847 664 992 474 957 175 834 93 373 255 242 567 
