1 586 324 592 160 
817 2 52 648 320 
609 882 4 104 640 
833 450 996 8 208 
201 330 900 16 416 
769 402 660 32 832 
673 130 804 936 64 
305 530 260 280 128 
33 610 520 560 256 
233 66 164 112 512 
145 466 132 328 224 
290 932 264 656 448 
355 580 616 528 896 
257 710 904 976 800 
513 514 972 336 480 
657 922 924 672 960 
897 674 180 184 704 
705 642 196 360 368 
645 134 392 720 736 
9 202 268 784 96 
273 18 404 536 192 
369 546 36 808 384 
641 738 532 72 768 
129 770 964 552 144 
401 258 596 984 288 
929 802 516 792 576 
353 962 708 136 688 
449 706 740 232 272 
73 898 76 464 544 
193 146 836 152 928 
577 386 292 456 304 
961 772 584 912 608 
709 834 712 80 992 
