0 1 152 78 10 153 214 68 147 79 146 215 220 221 69 11 
0 2 45 156 20 47 177 136 59 158 57 179 165 167 138 22 
0 4 90 37 40 94 127 13 118 33 114 123 87 83 9 44 
0 8 180 74 80 188 254 26 236 66 228 246 174 166 18 88 
0 16 117 148 160 101 225 52 197 132 213 241 65 81 36 176 
0 32 234 53 93 202 223 104 151 21 183 255 130 162 72 125 
0 64 201 106 186 137 163 208 51 42 115 227 25 89 144 250 
0 128 143 212 105 15 91 189 102 84 230 219 50 178 61 233 
0 29 3 181 210 30 182 103 204 168 209 171 100 121 122 207 
0 58 6 119 185 60 113 206 133 77 191 75 200 242 244 131 
0 116 12 238 111 120 226 129 23 154 99 150 141 249 245 27 
0 232 24 193 222 240 217 31 46 41 198 49 7 239 247 54 
0 205 48 159 161 253 175 62 92 82 145 98 14 195 243 108 
0 135 96 35 95 231 67 124 184 164 63 196 28 155 251 216 
0 19 192 70 190 211 134 248 109 85 126 149 56 43 235 173 
0 38 157 140 97 187 17 237 218 170 252 55 112 86 203 71 
0 76 39 5 194 107 34 199 169 73 229 110 224 172 139 142 
