 3 8 9 18 20 27
 8 9 13 16 18 24
 3 10 18 19 20 25
 0 13 15 18 19 24
 0 1 4 12 24 29
 1 8 12 16 22 24
 4 12 14 20 23 25
 8 12 14 20 21 22
 4 9 11 20 23 27
 2 4 9 11 24 29
 2 11 15 19 22 24
 10 11 19 20 21 22
 7 12 16 17 23 25
 0 7 12 17 21 29
 2 3 7 9 26 29
 7 9 13 16 23 26
 2 3 7 19 25 28
 0 7 13 19 21 28
 0 6 15 17 18 27
 6 10 16 17 18 25
 0 1 4 6 27 28
 1 6 10 16 22 26
 2 4 6 14 25 28
 2 6 14 15 22 26
 5 11 15 17 23 27
 5 10 11 17 21 29
 1 3 5 8 27 28
 1 3 5 10 26 29
 5 13 14 15 23 26
 5 8 13 14 21 28
