 2 26
 23 26
 10 26
 0 28
 2 28
 8 28
 10 28
 0 24
 2 24
 23 24
 8 24
 0 20
 20 23
 8 20
 10 20
 0 17
 17 23
 8 17
 10 17
 17 29
 0 17 29
 10 17 29
 24 29
 0 24 29
 2 24 29
 26 29
 2 26 29
 10 26 29
 0 29
 2 29
 10 29
 17 27
 0 17 27
 17 23 27
 8 17 27
 20 27
 0 20 27
 20 23 27
 8 20 27
 27 28
 0 27 28
 8 27 28
 0 27
 23 27
 8 27
 17 25
 17 23 25
 8 17 25
 10 17 25
 20 25
 20 23 25
 8 20 25
 10 20 25
 25 28
 2 25 28
 8 25 28
 10 25 28
 2 25
 23 25
 8 25
 10 25
 13 24
 0 13 24
 13 23 24
 8 13 24
 13 28
 0 13 28
 8 13 28
 13 26
 13 23 26
 0 13
 13 23
 8 13
 20 22
 8 20 22
 10 20 22
 22 24
 2 22 24
 8 22 24
 22 26
 2 22 26
 10 22 26
 2 22
 8 22
 10 22
 21 22
 20 21 22
 8 20 21 22
 10 20 21 22
 8 21 22
 10 21 22
 13 21
 13 21 28
 0 13 21 28
 8 13 21 28
 0 13 21
 8 13 21
 21 29
 17 21 29
 0 17 21 29
 10 17 21 29
 0 21 29
 10 21 29
 17 21
 0 17 21
 8 17 21
 10 17 21
 20 21
 0 20 21
 8 20 21
 10 20 21
 21 28
 0 21 28
 8 21 28
 10 21 28
 0 21
 8 21
 10 21
 16 22
 16 22 24
 2 16 22 24
 8 16 22 24
 16 22 26
 2 16 22 26
 10 16 22 26
 2 16 22
 8 16 22
 10 16 22
 13 16
 13 16 24
 13 16 23 24
 8 13 16 24
 13 16 26
 13 16 23 26
 13 16 23
 8 13 16
 16 25
 16 17 25
 16 17 23 25
 8 16 17 25
 10 16 17 25
 2 16 25
 16 23 25
 8 16 25
 10 16 25
 16 17
 16 17 23
 8 16 17
 10 16 17
 16 24
 2 16 24
 16 23 24
 8 16 24
 16 26
 2 16 26
 16 23 26
 10 16 26
 2 16
 16 23
 8 16
 10 16
 15 22
 15 22 24
 2 15 22 24
 15 22 26
 2 15 22 26
 2 15 22
 13 15
 13 15 24
 0 13 15 24
 13 15 23 24
 13 15 26
 13 15 23 26
 0 13 15
 13 15 23
 15 27
 15 17 27
 0 15 17 27
 15 17 23 27
 0 15 27
 15 23 27
 15 17
 0 15 17
 15 17 23
 15 24
 0 15 24
 2 15 24
 15 23 24
 15 26
 2 15 26
 15 23 26
 0 15
 2 15
 15 23
 4 25
 4 20 25
 4 20 23 25
 4 25 28
 2 4 25 28
 2 4 25
 4 23 25
 4 27
 4 20 27
 0 4 20 27
 4 20 23 27
 4 27 28
 0 4 27 28
 0 4 27
 4 23 27
 4 29
 4 24 29
 0 4 24 29
 2 4 24 29
 4 26 29
 2 4 26 29
 0 4 29
 2 4 29
 4 20
 0 4 20
 4 20 23
 4 24
 0 4 24
 2 4 24
 4 23 24
 4 28
 0 4 28
 2 4 28
 4 26
 2 4 26
 4 23 26
 0 4
 2 4
 4 23
 3 25
 3 20 25
 3 20 23 25
 3 8 20 25
 3 10 20 25
 3 25 28
 2 3 25 28
 3 8 25 28
 3 10 25 28
 2 3 25
 3 23 25
 3 8 25
 3 10 25
 3 27
 3 20 27
 3 20 23 27
 3 8 20 27
 3 27 28
 3 8 27 28
 3 23 27
 3 8 27
 3 29
 3 24 29
 2 3 24 29
 3 26 29
 2 3 26 29
 3 10 26 29
 2 3 29
 3 10 29
 3 20
 3 20 23
 3 8 20
 3 10 20
 3 24
 2 3 24
 3 23 24
 3 8 24
 3 28
 2 3 28
 3 8 28
 3 10 28
 3 26
 2 3 26
 3 23 26
 3 10 26
 2 3
 3 23
 3 8
 3 10
 3 19
 3 19 25
 3 19 20 25
 3 10 19 20 25
 3 19 25 28
 2 3 19 25 28
 3 10 19 25 28
 2 3 19 25
 3 10 19 25
 3 19 20
 3 10 19 20
 3 19 24
 2 3 19 24
 3 19 28
 2 3 19 28
 3 10 19 28
 3 19 26
 2 3 19 26
 3 10 19 26
 2 3 19
 3 10 19
 4 19
 4 19 25
 4 19 20 25
 4 19 25 28
 2 4 19 25 28
 2 4 19 25
 4 19 20
 0 4 19 20
 4 19 24
 0 4 19 24
 2 4 19 24
 4 19 28
 0 4 19 28
 2 4 19 28
 4 19 26
 2 4 19 26
 0 4 19
 2 4 19
 15 19
 15 19 22
 15 19 22 24
 2 15 19 22 24
 15 19 22 26
 2 15 19 22 26
 2 15 19 22
 13 15 19
 13 15 19 24
 0 13 15 19 24
 13 15 19 26
 0 13 15 19
 15 19 24
 0 15 19 24
 2 15 19 24
 15 19 26
 2 15 19 26
 0 15 19
 2 15 19
 19 21
 19 21 22
 19 20 21 22
 10 19 20 21 22
 10 19 21 22
 13 19 21
 13 19 21 28
 0 13 19 21 28
 0 13 19 21
 19 20 21
 0 19 20 21
 10 19 20 21
 19 21 28
 0 19 21 28
 10 19 21 28
 0 19 21
 10 19 21
 19 22
 19 20 22
 10 19 20 22
 19 22 24
 2 19 22 24
 19 22 26
 2 19 22 26
 10 19 22 26
 2 19 22
 10 19 22
 13 19
 13 19 24
 0 13 19 24
 13 19 28
 0 13 19 28
 13 19 26
 0 13 19
 19 25
 19 20 25
 10 19 20 25
 19 25 28
 2 19 25 28
 10 19 25 28
 2 19 25
 10 19 25
 19 20
 0 19 20
 10 19 20
 19 24
 0 19 24
 2 19 24
 19 28
 0 19 28
 2 19 28
 10 19 28
 19 26
 2 19 26
 10 19 26
 0 19
 2 19
 10 19
 4 14
 4 14 25
 4 14 20 25
 4 14 20 23 25
 4 14 25 28
 2 4 14 25 28
 2 4 14 25
 4 14 23 25
 4 14 20
 4 14 20 23
 4 14 28
 2 4 14 28
 4 14 26
 2 4 14 26
 4 14 23 26
 2 4 14
 4 14 23
 14 15
 14 15 22
 14 15 22 26
 2 14 15 22 26
 2 14 15 22
 13 14 15
 13 14 15 26
 13 14 15 23 26
 13 14 15 23
 14 15 26
 2 14 15 26
 14 15 23 26
 2 14 15
 14 15 23
 14 21
 14 21 22
 14 20 21 22
 8 14 20 21 22
 10 14 20 21 22
 8 14 21 22
 10 14 21 22
 13 14 21
 13 14 21 28
 8 13 14 21 28
 8 13 14 21
 14 20 21
 8 14 20 21
 10 14 20 21
 14 21 28
 8 14 21 28
 10 14 21 28
 8 14 21
 10 14 21
 14 22
 14 20 22
 8 14 20 22
 10 14 20 22
 14 22 26
 2 14 22 26
 10 14 22 26
 2 14 22
 8 14 22
 10 14 22
 13 14
 13 14 28
 8 13 14 28
 13 14 26
 13 14 23 26
 13 14 23
 8 13 14
 14 25
 14 20 25
 14 20 23 25
 8 14 20 25
 10 14 20 25
 14 25 28
 2 14 25 28
 8 14 25 28
 10 14 25 28
 2 14 25
 14 23 25
 8 14 25
 10 14 25
 14 20
 14 20 23
 8 14 20
 10 14 20
 14 28
 2 14 28
 8 14 28
 10 14 28
 14 26
 2 14 26
 14 23 26
 10 14 26
 2 14
 14 23
 8 14
 10 14
 3 9
 3 9 27
 3 9 20 27
 3 9 20 23 27
 3 8 9 20 27
 3 9 27 28
 3 8 9 27 28
 3 9 23 27
 3 8 9 27
 3 9 29
 3 9 24 29
 2 3 9 24 29
 3 9 26 29
 2 3 9 26 29
 3 9 10 26 29
 2 3 9 29
 3 9 10 29
 3 9 20
 3 9 20 23
 3 8 9 20
 3 9 10 20
 3 9 24
 2 3 9 24
 3 9 23 24
 3 8 9 24
 3 9 28
 2 3 9 28
 3 8 9 28
 3 9 10 28
 3 9 26
 2 3 9 26
 3 9 23 26
 3 9 10 26
 2 3 9
 3 9 23
 3 8 9
 3 9 10
 4 9
 4 9 27
 4 9 20 27
 4 9 20 23 27
 4 9 27 28
 4 9 23 27
 4 9 29
 4 9 24 29
 2 4 9 24 29
 4 9 26 29
 2 4 9 26 29
 2 4 9 29
 4 9 20
 4 9 20 23
 4 9 24
 2 4 9 24
 4 9 23 24
 4 9 28
 2 4 9 28
 4 9 26
 2 4 9 26
 4 9 23 26
 2 4 9
 4 9 23
 9 16
 9 13 16
 9 13 16 24
 9 13 16 23 24
 8 9 13 16 24
 9 13 16 26
 9 13 16 23 26
 9 13 16 23
 8 9 13 16
 9 16 24
 2 9 16 24
 9 16 23 24
 8 9 16 24
 9 16 26
 2 9 16 26
 9 16 23 26
 9 10 16 26
 2 9 16
 9 16 23
 8 9 16
 9 10 16
 9 13
 9 13 24
 9 13 23 24
 8 9 13 24
 9 13 28
 8 9 13 28
 9 13 26
 9 13 23 26
 9 13 23
 8 9 13
 9 27
 9 20 27
 9 20 23 27
 8 9 20 27
 9 27 28
 8 9 27 28
 9 23 27
 8 9 27
 9 29
 9 24 29
 2 9 24 29
 9 26 29
 2 9 26 29
 9 10 26 29
 2 9 29
 9 10 29
 9 20
 9 20 23
 8 9 20
 9 10 20
 9 24
 2 9 24
 9 23 24
 8 9 24
 9 28
 2 9 28
 8 9 28
 9 10 28
 9 26
 2 9 26
 9 23 26
 9 10 26
 2 9
 9 23
 8 9
 9 10
 1 3
 1 3 27
 1 3 27 28
 1 3 8 27 28
 1 3 8 27
 1 3 29
 1 3 24 29
 1 3 26 29
 1 3 10 26 29
 1 3 10 29
 1 3 24
 1 3 8 24
 1 3 28
 1 3 8 28
 1 3 10 28
 1 3 26
 1 3 10 26
 1 3 8
 1 3 10
 1 4
 1 4 27
 1 4 27 28
 0 1 4 27 28
 0 1 4 27
 1 4 29
 1 4 24 29
 0 1 4 24 29
 1 4 26 29
 0 1 4 29
 1 4 24
 0 1 4 24
 1 4 28
 0 1 4 28
 1 4 26
 0 1 4
 1 16
 1 16 22
 1 16 22 24
 1 8 16 22 24
 1 16 22 26
 1 10 16 22 26
 1 8 16 22
 1 10 16 22
 1 13 16
 1 13 16 24
 1 8 13 16 24
 1 13 16 26
 1 8 13 16
 1 16 24
 1 8 16 24
 1 16 26
 1 10 16 26
 1 8 16
 1 10 16
 1 22
 1 22 24
 1 8 22 24
 1 22 26
 1 10 22 26
 1 8 22
 1 10 22
 1 13
 1 13 24
 0 1 13 24
 1 8 13 24
 1 13 28
 0 1 13 28
 1 8 13 28
 1 13 26
 0 1 13
 1 8 13
 1 27
 1 27 28
 0 1 27 28
 1 8 27 28
 0 1 27
 1 8 27
 1 29
 1 24 29
 0 1 24 29
 1 26 29
 1 10 26 29
 0 1 29
 1 10 29
 1 24
 0 1 24
 1 8 24
 1 28
 0 1 28
 1 8 28
 1 10 28
 1 26
 1 10 26
 0 1
 1 8
 1 10
 9 18
 3 9 18
 3 9 18 27
 3 9 18 20 27
 3 8 9 18 20 27
 3 8 9 18 27
 3 9 18 29
 3 9 18 24 29
 3 9 10 18 29
 3 9 18 20
 3 8 9 18 20
 3 9 10 18 20
 3 9 18 24
 3 8 9 18 24
 3 8 9 18
 3 9 10 18
 9 16 18
 9 13 16 18
 9 13 16 18 24
 8 9 13 16 18 24
 8 9 13 16 18
 9 16 18 24
 8 9 16 18 24
 8 9 16 18
 9 10 16 18
 9 13 18
 9 13 18 24
 8 9 13 18 24
 8 9 13 18
 9 18 27
 9 18 20 27
 8 9 18 20 27
 8 9 18 27
 9 18 29
 9 18 24 29
 9 10 18 29
 9 18 20
 8 9 18 20
 9 10 18 20
 9 18 24
 8 9 18 24
 8 9 18
 9 10 18
 18 19
 3 18 19
 3 18 19 25
 3 18 19 20 25
 3 10 18 19 20 25
 3 10 18 19 25
 3 18 19 20
 3 10 18 19 20
 3 18 19 24
 3 10 18 19
 15 18 19
 13 15 18 19
 13 15 18 19 24
 0 13 15 18 19 24
 0 13 15 18 19
 15 18 19 24
 0 15 18 19 24
 0 15 18 19
 13 18 19
 13 18 19 24
 0 13 18 19 24
 0 13 18 19
 18 19 25
 18 19 20 25
 10 18 19 20 25
 10 18 19 25
 18 19 20
 0 18 19 20
 10 18 19 20
 18 19 24
 0 18 19 24
 0 18 19
 10 18 19
 3 18
 3 18 25
 3 18 20 25
 3 8 18 20 25
 3 10 18 20 25
 3 8 18 25
 3 10 18 25
 3 18 27
 3 18 20 27
 3 8 18 20 27
 3 8 18 27
 3 18 29
 3 18 24 29
 3 10 18 29
 3 18 20
 3 8 18 20
 3 10 18 20
 3 18 24
 3 8 18 24
 3 8 18
 3 10 18
 15 18
 13 15 18
 13 15 18 24
 0 13 15 18 24
 0 13 15 18
 15 18 27
 15 17 18 27
 0 15 17 18 27
 0 15 18 27
 15 17 18
 0 15 17 18
 15 18 24
 0 15 18 24
 0 15 18
 16 18
 13 16 18
 13 16 18 24
 8 13 16 18 24
 8 13 16 18
 16 18 25
 16 17 18 25
 8 16 17 18 25
 10 16 17 18 25
 8 16 18 25
 10 16 18 25
 16 17 18
 8 16 17 18
 10 16 17 18
 16 18 24
 8 16 18 24
 8 16 18
 10 16 18
 13 18
 13 18 24
 0 13 18 24
 8 13 18 24
 0 13 18
 8 13 18
 18 25
 17 18 25
 8 17 18 25
 10 17 18 25
 18 20 25
 8 18 20 25
 10 18 20 25
 8 18 25
 10 18 25
 18 27
 17 18 27
 0 17 18 27
 8 17 18 27
 18 20 27
 0 18 20 27
 8 18 20 27
 0 18 27
 8 18 27
 18 29
 17 18 29
 0 17 18 29
 10 17 18 29
 18 24 29
 0 18 24 29
 0 18 29
 10 18 29
 17 18
 0 17 18
 8 17 18
 10 17 18
 18 20
 0 18 20
 8 18 20
 10 18 20
 18 24
 0 18 24
 8 18 24
 0 18
 8 18
 10 18
 1 12
 1 4 12
 1 4 12 29
 1 4 12 24 29
 0 1 4 12 24 29
 0 1 4 12 29
 1 4 12 24
 0 1 4 12 24
 0 1 4 12
 1 12 16
 1 12 16 22
 1 12 16 22 24
 1 8 12 16 22 24
 1 8 12 16 22
 1 12 16 24
 1 8 12 16 24
 1 8 12 16
 1 12 22
 1 12 22 24
 1 8 12 22 24
 1 8 12 22
 1 12 29
 1 12 24 29
 0 1 12 24 29
 0 1 12 29
 1 12 24
 0 1 12 24
 1 8 12 24
 0 1 12
 1 8 12
 12 14
 4 12 14
 4 12 14 25
 4 12 14 20 25
 4 12 14 20 23 25
 4 12 14 23 25
 4 12 14 20
 4 12 14 20 23
 4 12 14 23
 12 14 15
 12 14 15 22
 12 14 15 23
 12 14 21
 12 14 21 22
 12 14 20 21 22
 8 12 14 20 21 22
 8 12 14 21 22
 12 14 20 21
 8 12 14 20 21
 8 12 14 21
 12 14 22
 12 14 20 22
 8 12 14 20 22
 8 12 14 22
 12 14 25
 12 14 20 25
 12 14 20 23 25
 8 12 14 20 25
 12 14 23 25
 8 12 14 25
 12 14 20
 12 14 20 23
 8 12 14 20
 12 14 23
 8 12 14
 4 12
 4 12 25
 4 12 20 25
 4 12 20 23 25
 4 12 23 25
 4 12 29
 4 12 24 29
 0 4 12 24 29
 0 4 12 29
 4 12 20
 0 4 12 20
 4 12 20 23
 4 12 24
 0 4 12 24
 4 12 23 24
 0 4 12
 4 12 23
 12 15
 12 15 22
 12 15 22 24
 12 15 17
 0 12 15 17
 12 15 17 23
 12 15 24
 0 12 15 24
 12 15 23 24
 0 12 15
 12 15 23
 12 16
 12 16 22
 12 16 22 24
 8 12 16 22 24
 8 12 16 22
 12 16 25
 12 16 17 25
 12 16 17 23 25
 8 12 16 17 25
 12 16 23 25
 8 12 16 25
 12 16 17
 12 16 17 23
 8 12 16 17
 12 16 24
 12 16 23 24
 8 12 16 24
 12 16 23
 8 12 16
 12 21
 12 21 22
 12 20 21 22
 8 12 20 21 22
 8 12 21 22
 12 21 29
 12 17 21 29
 0 12 17 21 29
 0 12 21 29
 12 17 21
 0 12 17 21
 8 12 17 21
 12 20 21
 0 12 20 21
 8 12 20 21
 0 12 21
 8 12 21
 12 22
 12 20 22
 8 12 20 22
 12 22 24
 8 12 22 24
 8 12 22
 12 25
 12 17 25
 12 17 23 25
 8 12 17 25
 12 20 25
 12 20 23 25
 8 12 20 25
 12 23 25
 8 12 25
 12 29
 12 17 29
 0 12 17 29
 12 24 29
 0 12 24 29
 0 12 29
 12 17
 0 12 17
 12 17 23
 8 12 17
 12 20
 0 12 20
 12 20 23
 8 12 20
 12 24
 0 12 24
 12 23 24
 8 12 24
 0 12
 12 23
 8 12
 9 11
 4 9 11
 4 9 11 27
 4 9 11 20 27
 4 9 11 20 23 27
 4 9 11 23 27
 4 9 11 29
 4 9 11 24 29
 2 4 9 11 24 29
 2 4 9 11 29
 4 9 11 20
 4 9 11 20 23
 4 9 11 24
 2 4 9 11 24
 4 9 11 23 24
 2 4 9 11
 4 9 11 23
 9 11 27
 9 11 20 27
 9 11 20 23 27
 8 9 11 20 27
 9 11 23 27
 8 9 11 27
 9 11 29
 9 11 24 29
 2 9 11 24 29
 2 9 11 29
 9 10 11 29
 9 11 20
 9 11 20 23
 8 9 11 20
 9 10 11 20
 9 11 24
 2 9 11 24
 9 11 23 24
 8 9 11 24
 2 9 11
 9 11 23
 8 9 11
 9 10 11
 11 19
 4 11 19
 4 11 19 25
 4 11 19 20 25
 2 4 11 19 25
 4 11 19 20
 4 11 19 24
 2 4 11 19 24
 2 4 11 19
 11 15 19
 11 15 19 22
 11 15 19 22 24
 2 11 15 19 22 24
 2 11 15 19 22
 11 15 19 24
 2 11 15 19 24
 2 11 15 19
 11 19 21
 11 19 21 22
 11 19 20 21 22
 10 11 19 20 21 22
 10 11 19 21 22
 11 19 20 21
 10 11 19 20 21
 10 11 19 21
 11 19 22
 11 19 20 22
 10 11 19 20 22
 11 19 22 24
 2 11 19 22 24
 2 11 19 22
 10 11 19 22
 11 19 25
 11 19 20 25
 10 11 19 20 25
 2 11 19 25
 10 11 19 25
 11 19 20
 10 11 19 20
 11 19 24
 2 11 19 24
 2 11 19
 10 11 19
 4 11
 4 11 25
 4 11 20 25
 4 11 20 23 25
 2 4 11 25
 4 11 23 25
 4 11 27
 4 11 20 27
 4 11 20 23 27
 4 11 23 27
 4 11 29
 4 11 24 29
 2 4 11 24 29
 2 4 11 29
 4 11 20
 4 11 20 23
 4 11 24
 2 4 11 24
 4 11 23 24
 2 4 11
 4 11 23
 11 15
 11 15 22
 11 15 22 24
 2 11 15 22 24
 2 11 15 22
 11 15 27
 11 15 17 27
 11 15 17 23 27
 11 15 23 27
 11 15 17
 11 15 17 23
 11 15 24
 2 11 15 24
 11 15 23 24
 2 11 15
 11 15 23
 11 21
 11 21 22
 11 20 21 22
 8 11 20 21 22
 10 11 20 21 22
 8 11 21 22
 10 11 21 22
 11 21 29
 11 17 21 29
 10 11 17 21 29
 10 11 21 29
 11 17 21
 8 11 17 21
 10 11 17 21
 11 20 21
 8 11 20 21
 10 11 20 21
 8 11 21
 10 11 21
 11 22
 11 20 22
 8 11 20 22
 10 11 20 22
 11 22 24
 2 11 22 24
 8 11 22 24
 2 11 22
 8 11 22
 10 11 22
 11 25
 11 17 25
 11 17 23 25
 8 11 17 25
 10 11 17 25
 11 20 25
 11 20 23 25
 8 11 20 25
 10 11 20 25
 2 11 25
 11 23 25
 8 11 25
 10 11 25
 11 27
 11 17 27
 11 17 23 27
 8 11 17 27
 11 20 27
 11 20 23 27
 8 11 20 27
 11 23 27
 8 11 27
 11 29
 11 17 29
 10 11 17 29
 11 24 29
 2 11 24 29
 2 11 29
 10 11 29
 11 17
 11 17 23
 8 11 17
 10 11 17
 11 20
 11 20 23
 8 11 20
 10 11 20
 11 24
 2 11 24
 11 23 24
 8 11 24
 2 11
 11 23
 8 11
 10 11
 7 12
 7 12 16
 7 12 16 25
 7 12 16 17 25
 7 12 16 17 23 25
 7 12 16 23 25
 7 12 16 17
 7 12 16 17 23
 7 12 16 23
 7 12 21
 7 12 21 29
 7 12 17 21 29
 0 7 12 17 21 29
 0 7 12 21 29
 7 12 17 21
 0 7 12 17 21
 0 7 12 21
 7 12 25
 7 12 17 25
 7 12 17 23 25
 7 12 23 25
 7 12 29
 7 12 17 29
 0 7 12 17 29
 0 7 12 29
 7 12 17
 0 7 12 17
 7 12 17 23
 0 7 12
 7 12 23
 7 9
 3 7 9
 3 7 9 27
 3 7 9 27 28
 3 7 9 23 27
 3 7 9 29
 3 7 9 26 29
 2 3 7 9 26 29
 2 3 7 9 29
 3 7 9 28
 2 3 7 9 28
 3 7 9 26
 2 3 7 9 26
 3 7 9 23 26
 2 3 7 9
 3 7 9 23
 7 9 16
 7 9 13 16
 7 9 13 16 26
 7 9 13 16 23 26
 7 9 13 16 23
 7 9 16 26
 2 7 9 16 26
 7 9 16 23 26
 2 7 9 16
 7 9 16 23
 7 9 13
 7 9 13 28
 7 9 13 26
 7 9 13 23 26
 7 9 13 23
 7 9 27
 7 9 27 28
 7 9 23 27
 7 9 29
 7 9 26 29
 2 7 9 26 29
 2 7 9 29
 7 9 28
 2 7 9 28
 7 9 26
 2 7 9 26
 7 9 23 26
 2 7 9
 7 9 23
 7 19
 3 7 19
 3 7 19 25
 3 7 19 25 28
 2 3 7 19 25 28
 2 3 7 19 25
 3 7 19 28
 2 3 7 19 28
 3 7 19 26
 2 3 7 19 26
 2 3 7 19
 7 19 21
 7 13 19 21
 7 13 19 21 28
 0 7 13 19 21 28
 0 7 13 19 21
 7 19 21 28
 0 7 19 21 28
 0 7 19 21
 7 13 19
 7 13 19 28
 0 7 13 19 28
 7 13 19 26
 0 7 13 19
 7 19 25
 7 19 25 28
 2 7 19 25 28
 2 7 19 25
 7 19 28
 0 7 19 28
 2 7 19 28
 7 19 26
 2 7 19 26
 0 7 19
 2 7 19
 3 7
 3 7 25
 3 7 25 28
 2 3 7 25 28
 2 3 7 25
 3 7 23 25
 3 7 27
 3 7 27 28
 3 7 23 27
 3 7 29
 3 7 26 29
 2 3 7 26 29
 2 3 7 29
 3 7 28
 2 3 7 28
 3 7 26
 2 3 7 26
 3 7 23 26
 2 3 7
 3 7 23
 7 16
 7 13 16
 7 13 16 26
 7 13 16 23 26
 7 13 16 23
 7 16 25
 7 16 17 25
 7 16 17 23 25
 2 7 16 25
 7 16 23 25
 7 16 17
 7 16 17 23
 7 16 26
 2 7 16 26
 7 16 23 26
 2 7 16
 7 16 23
 7 21
 7 13 21
 7 13 21 28
 0 7 13 21 28
 0 7 13 21
 7 21 29
 7 17 21 29
 0 7 17 21 29
 0 7 21 29
 7 17 21
 0 7 17 21
 7 21 28
 0 7 21 28
 0 7 21
 7 13
 7 13 28
 0 7 13 28
 7 13 26
 7 13 23 26
 0 7 13
 7 13 23
 7 25
 7 17 25
 7 17 23 25
 7 25 28
 2 7 25 28
 2 7 25
 7 23 25
 7 27
 7 17 27
 0 7 17 27
 7 17 23 27
 7 27 28
 0 7 27 28
 0 7 27
 7 23 27
 7 29
 7 17 29
 0 7 17 29
 7 26 29
 2 7 26 29
 0 7 29
 2 7 29
 7 17
 0 7 17
 7 17 23
 7 28
 0 7 28
 2 7 28
 7 26
 2 7 26
 7 23 26
 0 7
 2 7
 7 23
 6 18
 6 15 18
 6 15 18 27
 6 15 17 18 27
 0 6 15 17 18 27
 0 6 15 18 27
 6 15 17 18
 0 6 15 17 18
 0 6 15 18
 6 16 18
 6 16 18 25
 6 16 17 18 25
 6 10 16 17 18 25
 6 10 16 18 25
 6 16 17 18
 6 10 16 17 18
 6 10 16 18
 6 18 25
 6 17 18 25
 6 10 17 18 25
 6 10 18 25
 6 18 27
 6 17 18 27
 0 6 17 18 27
 0 6 18 27
 6 17 18
 0 6 17 18
 6 10 17 18
 0 6 18
 6 10 18
 1 6
 1 4 6
 1 4 6 27
 1 4 6 27 28
 0 1 4 6 27 28
 0 1 4 6 27
 1 4 6 28
 0 1 4 6 28
 1 4 6 26
 0 1 4 6
 1 6 16
 1 6 16 22
 1 6 16 22 26
 1 6 10 16 22 26
 1 6 10 16 22
 1 6 16 26
 1 6 10 16 26
 1 6 10 16
 1 6 22
 1 6 22 26
 1 6 10 22 26
 1 6 10 22
 1 6 27
 1 6 27 28
 0 1 6 27 28
 0 1 6 27
 1 6 28
 0 1 6 28
 1 6 10 28
 1 6 26
 1 6 10 26
 0 1 6
 1 6 10
 6 14
 4 6 14
 4 6 14 25
 4 6 14 25 28
 2 4 6 14 25 28
 2 4 6 14 25
 4 6 14 28
 2 4 6 14 28
 4 6 14 26
 2 4 6 14 26
 2 4 6 14
 6 14 15
 6 14 15 22
 6 14 15 22 26
 2 6 14 15 22 26
 2 6 14 15 22
 6 14 15 26
 2 6 14 15 26
 2 6 14 15
 6 14 21
 6 14 21 22
 6 10 14 21 22
 6 14 21 28
 6 10 14 21 28
 6 10 14 21
 6 14 22
 6 14 22 26
 2 6 14 22 26
 6 10 14 22 26
 2 6 14 22
 6 10 14 22
 6 14 25
 6 14 25 28
 2 6 14 25 28
 6 10 14 25 28
 2 6 14 25
 6 10 14 25
 6 14 28
 2 6 14 28
 6 10 14 28
 6 14 26
 2 6 14 26
 6 10 14 26
 2 6 14
 6 10 14
 4 6
 4 6 25
 4 6 25 28
 2 4 6 25 28
 2 4 6 25
 4 6 27
 4 6 27 28
 0 4 6 27 28
 0 4 6 27
 4 6 28
 0 4 6 28
 2 4 6 28
 4 6 26
 2 4 6 26
 0 4 6
 2 4 6
 6 15
 6 15 22
 6 15 22 26
 2 6 15 22 26
 2 6 15 22
 6 15 27
 6 15 17 27
 0 6 15 17 27
 0 6 15 27
 6 15 17
 0 6 15 17
 6 15 26
 2 6 15 26
 0 6 15
 2 6 15
 6 16
 6 16 22
 6 16 22 26
 2 6 16 22 26
 6 10 16 22 26
 2 6 16 22
 6 10 16 22
 6 16 25
 6 16 17 25
 6 10 16 17 25
 2 6 16 25
 6 10 16 25
 6 16 17
 6 10 16 17
 6 16 26
 2 6 16 26
 6 10 16 26
 2 6 16
 6 10 16
 6 21
 6 21 22
 6 10 21 22
 6 17 21
 0 6 17 21
 6 10 17 21
 6 21 28
 0 6 21 28
 6 10 21 28
 0 6 21
 6 10 21
 6 22
 6 22 26
 2 6 22 26
 6 10 22 26
 2 6 22
 6 10 22
 6 25
 6 17 25
 6 10 17 25
 6 25 28
 2 6 25 28
 6 10 25 28
 2 6 25
 6 10 25
 6 27
 6 17 27
 0 6 17 27
 6 27 28
 0 6 27 28
 0 6 27
 6 17
 0 6 17
 6 10 17
 6 28
 0 6 28
 2 6 28
 6 10 28
 6 26
 2 6 26
 6 10 26
 0 6
 2 6
 6 10
 5 11
 5 11 15
 5 11 15 27
 5 11 15 17 27
 5 11 15 17 23 27
 5 11 15 23 27
 5 11 15 17
 5 11 15 17 23
 2 5 11 15
 5 11 15 23
 5 11 21
 5 11 21 29
 5 11 17 21 29
 5 10 11 17 21 29
 5 10 11 21 29
 5 11 17 21
 5 8 11 17 21
 5 10 11 17 21
 5 8 11 21
 5 10 11 21
 5 11 27
 5 11 17 27
 5 11 17 23 27
 5 8 11 17 27
 5 11 23 27
 5 8 11 27
 5 11 29
 5 11 17 29
 5 10 11 17 29
 2 5 11 29
 5 10 11 29
 5 11 17
 5 11 17 23
 5 8 11 17
 5 10 11 17
 2 5 11
 5 11 23
 5 8 11
 5 10 11
 1 5
 1 3 5
 1 3 5 27
 1 3 5 27 28
 1 3 5 8 27 28
 1 3 5 8 27
 1 3 5 29
 1 3 5 26 29
 1 3 5 10 26 29
 1 3 5 10 29
 1 3 5 28
 1 3 5 8 28
 1 3 5 10 28
 1 3 5 26
 1 3 5 10 26
 1 3 5 8
 1 3 5 10
 1 5 16
 1 5 13 16
 1 5 13 16 26
 1 5 8 13 16
 1 5 16 26
 1 5 10 16 26
 1 5 8 16
 1 5 10 16
 1 5 13
 1 5 13 28
 1 5 8 13 28
 1 5 13 26
 1 5 8 13
 1 5 27
 1 5 27 28
 1 5 8 27 28
 1 5 8 27
 1 5 29
 1 5 26 29
 1 5 10 26 29
 1 5 10 29
 1 5 28
 1 5 8 28
 1 5 10 28
 1 5 26
 1 5 10 26
 1 5 8
 1 5 10
 5 14
 5 14 15
 5 13 14 15
 5 13 14 15 26
 5 13 14 15 23 26
 5 13 14 15 23
 5 14 15 26
 2 5 14 15 26
 5 14 15 23 26
 2 5 14 15
 5 14 15 23
 5 14 21
 5 13 14 21
 5 13 14 21 28
 5 8 13 14 21 28
 5 8 13 14 21
 5 14 21 28
 5 8 14 21 28
 5 10 14 21 28
 5 8 14 21
 5 10 14 21
 5 13 14
 5 13 14 28
 5 8 13 14 28
 5 13 14 26
 5 13 14 23 26
 5 13 14 23
 5 8 13 14
 5 14 28
 2 5 14 28
 5 8 14 28
 5 10 14 28
 5 14 26
 2 5 14 26
 5 14 23 26
 5 10 14 26
 2 5 14
 5 14 23
 5 8 14
 5 10 14
 3 5
 3 5 27
 3 5 27 28
 3 5 8 27 28
 3 5 23 27
 3 5 8 27
 3 5 29
 3 5 26 29
 2 3 5 26 29
 3 5 10 26 29
 2 3 5 29
 3 5 10 29
 3 5 28
 2 3 5 28
 3 5 8 28
 3 5 10 28
 3 5 26
 2 3 5 26
 3 5 23 26
 3 5 10 26
 2 3 5
 3 5 23
 3 5 8
 3 5 10
 5 15
 5 13 15
 5 13 15 26
 5 13 15 23 26
 5 13 15 23
 5 15 27
 5 15 17 27
 5 15 17 23 27
 5 15 23 27
 5 15 17
 5 15 17 23
 5 15 26
 2 5 15 26
 5 15 23 26
 2 5 15
 5 15 23
 5 16
 5 13 16
 5 13 16 26
 5 13 16 23 26
 5 13 16 23
 5 8 13 16
 5 16 17
 5 16 17 23
 5 8 16 17
 5 10 16 17
 5 16 26
 2 5 16 26
 5 16 23 26
 5 10 16 26
 2 5 16
 5 16 23
 5 8 16
 5 10 16
 5 21
 5 13 21
 5 13 21 28
 5 8 13 21 28
 5 8 13 21
 5 21 29
 5 17 21 29
 5 10 17 21 29
 5 10 21 29
 5 17 21
 5 8 17 21
 5 10 17 21
 5 21 28
 5 8 21 28
 5 10 21 28
 5 8 21
 5 10 21
 5 13
 5 13 28
 5 8 13 28
 5 13 26
 5 13 23 26
 5 13 23
 5 8 13
 5 27
 5 17 27
 5 17 23 27
 5 8 17 27
 5 27 28
 5 8 27 28
 5 23 27
 5 8 27
 5 29
 5 17 29
 5 10 17 29
 5 26 29
 2 5 26 29
 5 10 26 29
 2 5 29
 5 10 29
 5 17
 5 17 23
 5 8 17
 5 10 17
 5 28
 2 5 28
 5 8 28
 5 10 28
 5 26
 2 5 26
 5 23 26
 5 10 26
 2 5
 5 23
 5 8
 5 10
