0 1 566 3817 508 2924 4081 2215 2114 2115 2677 1180 1376 3596 509 2394 280 2395 814 1970 722 3294 3363 1145 1377 3130 3860 2214 2676 1706 2953 4080 2705 1707 2495 281 2925 3527 1614 2494 815 1412 3131 3362 1615 2952 3526 1144 1879 723 3816 970 1413 3597 971 1971 228 567 3295 3861 2704 1181 1878 229 
0 2 1132 3385 1016 1587 3849 421 111 109 1025 2360 2752 3315 1018 607 560 605 1628 3940 1444 2391 2733 2290 2754 2207 3779 423 1027 3412 2041 3851 1481 3414 917 562 1585 2917 3228 919 1630 2824 2205 2735 3230 2043 2919 2288 3758 1446 3387 1940 2826 3313 1942 3942 456 1134 2389 3777 1483 2362 3756 458 
0 4 2264 2713 2032 3174 3833 842 222 218 2050 667 1387 2317 2036 1214 1120 1210 3256 3619 2888 581 1457 271 1391 469 3437 846 2054 2627 4082 3837 2962 2631 1834 1124 3170 1569 2515 1838 3260 1787 465 1461 2519 4086 1573 267 3511 2892 2717 3880 1791 2313 3884 3623 912 2268 577 3433 2966 671 3507 916 
0 8 347 1497 4064 2087 3353 1684 444 436 239 1334 2774 753 4072 2428 2240 2420 2459 3245 1659 1162 2914 542 2782 938 2609 1692 231 1133 3855 3345 1999 1125 3668 2248 2095 3138 845 3676 2451 3574 930 2922 837 3847 3146 534 2949 1651 1489 3771 3582 761 3763 3237 1824 339 1154 2617 1991 1342 2957 1832 
0 16 694 2994 3883 165 2777 3368 888 872 478 2668 1351 1506 3899 531 363 515 989 2481 3318 2324 1583 1084 1367 1876 1161 3384 462 2266 3829 2761 3998 2250 3139 379 181 2159 1690 3155 973 2823 1860 1599 1674 3813 2175 1068 2017 3302 2978 3485 2839 1522 3469 2465 3648 678 2308 1177 3982 2684 2033 3664 
0 32 1388 1935 3773 330 1369 2747 1776 1744 956 1075 2702 3012 3741 1062 726 1030 1978 905 2311 707 3166 2168 2734 3752 2322 2715 924 351 3329 1401 4055 383 2157 758 362 53 3380 2125 1946 1765 3720 3198 3348 3361 21 2136 4034 2343 1967 3025 1733 3044 3057 937 3179 1356 739 2354 4087 1043 4066 3147 
0 64 2776 3870 3473 660 2738 1437 3552 3488 1912 2150 1527 1891 3537 2124 1452 2060 3956 1810 741 1414 2135 27 1463 3515 719 1501 1848 702 2793 2802 3909 766 49 1516 724 106 2691 113 3892 3530 3579 2071 2755 2729 42 91 3951 677 3934 1865 3466 1827 1801 1874 2109 2712 1478 655 3845 2086 3887 2173 
0 128 1371 3799 3017 1320 1423 2874 2859 2987 3824 39 3054 3782 2889 115 2904 243 3587 3620 1482 2828 69 54 2926 2973 1438 3002 3696 1404 1337 1295 3681 1532 98 3032 1448 212 1517 226 3715 2943 2845 197 1389 1465 84 182 3637 1354 3671 3730 3071 3654 3602 3748 145 1499 2956 1310 3809 167 3765 17 
0 256 2742 3397 1913 2640 2846 1695 1725 1981 3339 78 1847 3431 1657 230 1627 486 3309 3235 2964 1779 138 108 1591 2001 2876 1951 3083 2808 2674 2590 3113 3064 196 1883 2896 424 3034 452 3565 1557 1745 394 2778 2930 168 364 3201 2708 3141 3535 1813 3175 3279 3491 290 2998 2035 2620 3369 334 3457 34 
0 512 1415 2657 3826 1099 1751 3390 3450 3962 2813 156 3694 2597 3314 460 3254 972 2353 2477 1987 3558 276 216 3182 4002 1683 3902 2301 1307 1039 1239 2233 1819 392 3766 1611 848 1887 904 2865 3114 3490 788 1375 1551 336 728 2537 1475 2145 2933 3626 2085 2421 2989 580 1927 4070 1171 2745 668 3049 68 
0 1024 2830 1065 3343 2198 3502 2711 2591 3615 1297 312 3127 1185 2319 920 2439 1944 649 945 3974 2855 552 432 2103 4015 3366 3735 273 2614 2078 2478 409 3638 784 3463 3222 1696 3774 1808 1673 2239 2991 1576 2750 3102 672 1456 825 2950 41 1537 3263 161 513 1969 1160 3854 3879 2342 1433 1336 1849 136 
0 2048 1783 2130 2805 455 2999 1477 1237 3285 2594 624 2181 2370 757 1840 997 3888 1298 1890 4071 1701 1104 864 133 4021 2727 3525 546 1159 215 951 818 3207 1568 3045 2503 3392 3479 3616 3346 405 1973 3152 1431 2263 1344 2912 1650 2023 82 3074 2453 322 1026 3938 2320 3831 3749 679 2866 2672 3698 272 
0 235 3566 79 1281 910 1925 2954 2474 2369 1199 1248 481 623 1514 3680 1994 3723 2596 3780 3877 3402 2208 1728 266 3969 1445 2913 1092 2318 430 1902 1636 2533 3136 1825 869 2667 3013 3243 2767 810 3946 2123 2862 325 2688 1579 3300 4046 164 2287 961 644 2052 3631 715 3333 3489 1358 1679 1035 3087 544 
0 470 2871 158 2562 1820 3850 2047 959 617 2398 2496 962 1246 3028 3115 3988 3581 1187 3427 3745 2687 427 3456 532 4073 2890 1577 2184 759 860 3804 3272 801 2155 3650 1738 1085 1889 2493 1397 1620 3647 125 1719 650 1515 3158 2339 3959 328 309 1922 1288 227 3253 1430 2785 2985 2716 3358 2070 2293 1088 
0 940 1669 316 1263 3640 3839 4094 1918 1234 599 875 1924 2492 1859 2237 4035 2833 2374 2605 3497 1045 854 3051 1064 3897 1663 3154 507 1518 1720 3411 2427 1602 61 3183 3476 2170 3778 913 2794 3240 3221 250 3438 1300 3030 2119 685 3589 656 618 3844 2576 454 2433 2860 1321 1977 1491 2775 199 257 2176 
0 1880 3338 632 2526 3227 3349 3863 3836 2468 1198 1750 3848 915 3718 401 3949 1737 615 1201 3001 2090 1708 1853 2128 3737 3326 2127 1014 3036 3440 2637 541 3204 122 2101 3011 31 3439 1826 1343 2491 2497 500 2615 2600 1863 101 1370 3297 1312 1236 3811 1227 908 1001 1715 2642 3954 2982 1349 398 514 491 
0 3760 2815 1264 855 2525 2753 3781 3347 931 2396 3500 3835 1830 3559 802 3633 3474 1230 2402 1945 191 3416 3706 75 3545 2327 117 2028 1875 2571 1137 1082 2531 244 129 1901 62 2613 3652 2686 925 873 1000 1157 1211 3726 202 2740 2345 2624 2472 3373 2454 1816 2002 3430 1103 3599 1959 2698 796 1028 982 
0 3467 1301 2528 1710 849 1385 3425 2765 1862 595 2995 3357 3660 2853 1604 3209 3023 2460 559 3890 382 2651 3103 150 2905 709 234 4056 3750 1277 2274 2164 813 488 258 3802 124 1153 3171 1047 1850 1746 2000 2314 2422 3575 404 1411 697 1131 955 2737 967 3632 4004 2599 2206 3317 3918 1535 1592 2056 1964 
0 3069 2602 811 3420 1698 2770 2601 1393 3724 1190 1933 2769 3187 1697 3208 2553 1909 979 1118 3727 764 1117 2261 300 1625 1418 468 3931 3495 2554 303 3 1626 976 516 3423 248 2306 2093 2094 3700 3492 4000 767 519 2821 808 2822 1394 2262 1910 1417 1934 3211 4003 1189 471 2305 3703 3070 3184 251 3928 
0 1809 1215 1622 2643 3396 1359 1209 2786 3571 2380 3866 1353 2061 3394 2555 793 3818 1958 2236 3573 1528 2234 321 600 3250 2836 936 3677 2981 799 606 6 3252 1952 1032 2645 496 751 177 183 3075 2979 4011 1534 1038 1761 1616 1767 2788 327 3820 2834 3868 2557 4013 2378 942 745 3077 1815 2059 502 3675 
0 3618 2430 3244 1101 2659 2718 2418 1327 2829 627 3807 2706 241 2671 797 1586 3391 3916 403 2817 3056 415 642 1200 2447 1731 1872 3153 1953 1598 1212 12 2435 3904 2064 1089 992 1502 354 366 2285 1965 4029 3068 2076 3522 3232 3534 1315 654 3379 1743 3795 785 4017 639 1884 1490 2273 3630 253 1004 3165 
0 3247 535 2483 2202 1069 1495 527 2654 1777 1254 3413 1487 482 1077 1594 3172 2709 3699 806 1769 1803 830 1284 2400 1013 3462 3744 2121 3906 3196 2424 24 1005 3691 203 2178 1984 3004 708 732 305 3930 3985 1811 211 2927 2475 2935 2630 1308 2701 3486 3405 1570 3977 1278 3768 2980 297 3255 506 2008 2129 
0 2485 1070 909 479 2138 2990 1054 1111 3554 2508 2625 2974 964 2154 3188 2083 1473 3085 1612 3538 3606 1660 2568 555 2026 3047 3499 121 3695 2067 539 48 2010 3133 406 495 3968 1939 1416 1464 610 3679 4041 3622 422 1589 957 1541 1127 2616 1521 3031 2673 3140 4089 2556 3483 1955 594 2437 1012 4016 73 
0 897 2140 1818 958 95 1975 2108 2222 2863 883 1129 2007 1928 63 2051 173 2946 2289 3224 2895 3271 3320 1275 1110 4052 1829 3005 242 3125 205 1078 96 4020 2193 812 990 4075 3878 2832 2928 1220 3157 3961 3239 844 3178 1914 3082 2254 1179 3042 1861 1033 2147 3865 787 3037 3910 1188 993 2024 3979 146 
0 1794 83 3636 1916 190 3950 147 439 1717 1766 2258 4014 3856 126 237 346 2031 265 2523 1653 2405 2331 2550 2220 3907 3658 1937 484 2177 410 2156 192 3971 457 1624 1980 3901 3751 1739 1547 2440 2113 3609 2469 1688 2111 3828 2303 375 2358 1839 3722 2066 45 3801 1574 1873 3687 2376 1986 4048 4093 292 
0 3588 166 3203 3832 380 3639 294 878 3434 3532 335 4023 3787 252 474 692 4062 530 861 3306 545 733 775 435 3693 3199 3874 968 489 820 51 384 4077 914 3248 3960 3729 3493 3478 3094 1019 105 3289 929 3376 149 3331 277 750 647 3678 3583 207 90 3417 3148 3746 3109 635 3972 3915 3857 584 
0 3299 332 2541 3355 760 3205 588 1756 2623 2931 670 3973 3453 504 948 1384 3927 1060 1722 2367 1090 1466 1550 870 3121 2069 3759 1936 978 1640 102 768 3889 1828 2443 3611 3529 2977 3015 2247 2038 210 2393 1858 2699 298 2797 554 1500 1294 3159 2837 414 180 2649 2163 3503 2209 1270 4067 3709 3785 1168 
0 2349 664 817 2781 1520 2529 1176 3512 1173 1549 1340 4065 2577 1008 1896 2768 3653 2120 3444 661 2180 2932 3100 1740 2185 193 3509 3872 1956 3280 204 1536 3721 3656 1021 3293 2937 1961 1893 357 4076 420 601 3716 1533 596 1329 1108 3000 2588 2117 1729 828 360 1113 13 2997 425 2540 3885 3089 3449 2336 
0 689 1328 1634 1361 3040 809 2352 2971 2346 3098 2680 3881 1225 2016 3792 1355 3169 123 2563 1322 483 1539 2259 3480 505 386 2945 3755 3912 2379 408 3072 3577 3195 2042 2385 1561 3922 3786 714 3891 840 1202 3555 3066 1192 2658 2216 1947 1235 97 3458 1656 720 2226 26 1921 850 819 3761 2249 2585 683 
0 1378 2656 3268 2722 1835 1618 651 2013 703 2271 1051 3769 2450 4032 3403 2710 2089 246 1261 2644 966 3078 333 3035 1010 772 2025 3517 3707 637 816 2283 2841 2077 4084 585 3122 3663 3455 1428 3725 1680 2404 2861 1823 2384 1071 443 3894 2470 194 3055 3312 1440 399 52 3842 1700 1638 3465 377 1241 1366 
0 2756 1067 2403 1455 3670 3236 1302 4026 1406 341 2102 3481 975 3947 2685 1479 185 492 2522 1091 1932 2279 666 1885 2020 1544 4050 2961 3101 1274 1632 317 1753 209 3843 1170 2191 3189 2581 2856 3569 3360 547 1713 3646 587 2142 886 3719 935 388 1845 2315 2880 798 104 3823 3400 3276 3065 754 2482 2732 
0 1379 2134 557 2910 3143 2467 2604 3999 2812 682 135 3033 1950 3645 1041 2958 370 984 863 2182 3864 293 1332 3770 4040 3088 3919 1993 2257 2548 3264 634 3506 418 3821 2340 501 2049 1217 1723 2825 2731 1094 3426 3223 1174 87 1772 3557 1870 776 3690 765 1643 1596 208 3381 2683 2419 1817 1508 911 1459 
0 2758 71 1114 1623 2149 941 1203 4053 1299 1364 270 1881 3900 3217 2082 2039 740 1968 1726 487 3803 586 2664 3487 3963 2251 3701 3986 329 771 2411 1268 2959 836 3377 675 1002 233 2434 3446 1785 1469 2188 2607 2501 2348 174 3544 2849 3740 1552 3135 1530 3286 3192 416 2689 1053 525 3634 3016 1822 2918 
0 1383 142 2228 3246 33 1882 2406 3905 2598 2728 540 3762 3731 2505 175 4078 1480 3936 3452 974 3421 1172 1083 3029 3613 381 3073 4047 658 1542 573 2536 2037 1672 2697 1350 2004 466 1007 2567 3570 2938 499 1205 865 691 348 2907 1705 3539 3104 2197 3060 2375 2075 832 1513 2106 1050 3215 1915 3644 1575 
0 2766 284 387 2487 66 3764 551 3689 1191 1467 1080 3471 3533 889 350 3895 2960 3627 2579 1948 2641 2344 2166 1857 3281 762 2281 3957 1316 3084 1146 827 4074 3344 1529 2700 4008 932 2014 1253 2831 1567 998 2410 1730 1382 696 1629 3410 2893 2219 449 1795 613 221 1664 3026 159 2100 2549 3830 3219 3150 
0 1399 568 774 901 132 3459 1102 3129 2382 2934 2160 3061 2929 1778 700 3717 1995 3261 1229 3896 1097 699 7 3714 2377 1524 313 3585 2632 2291 2292 1654 3903 2763 3058 1523 4027 1864 4028 2506 1781 3134 1996 575 3460 2764 1392 3258 2639 1649 445 898 3590 1226 442 3328 1871 318 131 769 3335 2509 2167 
0 2798 1136 1548 1802 264 3053 2204 2201 631 1543 11 1793 1545 3556 1400 3553 3990 2449 2458 3739 2194 1398 14 3567 633 3048 626 3305 1147 269 259 3308 3733 1405 1807 3046 3997 3728 3987 895 3562 2199 3992 1150 3043 1395 2784 2463 1141 3298 890 1796 3303 2452 884 2795 3742 636 262 1538 2789 881 5 
0 1335 2272 3096 3604 528 1841 467 473 1262 3086 22 3586 3090 2851 2800 2857 4039 969 991 3549 463 2796 28 2869 1266 1851 1252 2361 2294 538 518 2355 3521 2810 3614 1831 4049 3531 4045 1790 2879 453 4059 2300 1837 2790 1323 981 2282 2351 1780 3592 2341 963 1768 1341 3543 1272 524 3076 1313 1762 10 
0 2670 299 2267 3267 1056 3682 934 946 2524 2295 44 3311 2255 1709 1291 1721 3941 1938 1982 2897 926 1331 56 1665 2532 3702 2504 665 263 1076 1036 653 2921 1311 3287 3662 3913 2941 3953 3580 1685 906 3933 275 3674 1319 2646 1962 319 693 3560 3323 673 1926 3536 2682 2885 2544 1048 2275 2626 3524 20 
0 1079 598 349 2413 2112 3119 1868 1892 851 261 88 2357 373 3418 2582 3442 3617 3876 3964 1609 1852 2662 112 3330 803 3079 891 1330 526 2152 2072 1306 1593 2622 2373 3191 3705 1553 3593 2835 3370 1812 3665 550 3167 2638 1095 3924 638 1386 2875 2333 1346 3852 2891 1055 1633 779 2096 301 1135 2915 40 
0 2158 1196 698 561 107 2229 3736 3784 1702 522 176 641 746 2655 1223 2575 3241 3747 3603 3218 3704 1063 224 2799 1606 2277 1782 2660 1052 59 219 2612 3186 1175 609 2053 3097 3106 3321 1741 2751 3624 3145 1100 2133 1143 2190 3651 1276 2772 1693 721 2692 3827 1661 2110 3266 1558 139 602 2270 1581 80 
0 55 2392 1396 1122 214 385 3547 3451 3404 1044 352 1282 1492 1109 2446 1269 2489 3501 3277 2511 3099 2126 448 1333 3212 289 3564 1059 2104 118 438 1155 2063 2350 1218 225 2265 2223 2329 3482 1429 3259 2169 2200 65 2286 503 3181 2552 1347 3386 1442 1507 3341 3322 151 2415 3116 278 1204 343 3162 160 
0 110 603 2792 2244 428 770 2909 2589 2675 2088 704 2564 2984 2218 1015 2538 921 2993 2417 885 2269 119 896 2666 2547 578 2867 2118 155 236 876 2310 245 695 2436 450 345 437 729 3039 2858 2461 25 475 130 311 1006 2097 795 2694 2719 2884 3014 2801 2335 302 565 2227 556 2408 686 2143 320 
0 220 1206 1339 355 856 1540 1617 1233 1037 187 1408 1251 1979 447 2030 831 1842 1929 521 1770 337 238 1792 1087 781 1156 1677 103 310 472 1752 743 490 1390 995 900 690 874 1458 1877 1727 977 50 950 260 622 2012 137 1590 1511 1493 1635 1895 1289 725 604 1130 397 1112 571 1372 85 640 
0 440 2412 2678 710 1712 3080 3234 2466 2074 374 2816 2502 3958 894 4060 1662 3684 3858 1042 3540 674 476 3584 2174 1562 2312 3354 206 620 944 3504 1486 980 2780 1990 1800 1380 1748 2916 3754 3454 1954 100 1900 520 1244 4024 274 3180 3022 2986 3270 3790 2578 1450 1208 2260 794 2224 1142 2744 170 1280 
0 880 563 1031 1420 3424 2299 2479 943 223 748 1771 871 3591 1788 3923 3324 3107 3791 2084 2883 1348 952 3307 23 3124 763 2783 412 1240 1888 2955 2972 1960 1363 3980 3600 2760 3496 1571 3519 2583 3908 200 3800 1040 2488 3995 548 2099 1911 1983 2407 3447 1231 2900 2416 323 1588 395 2284 1435 340 2560 
0 1760 1126 2062 2840 2603 285 949 1886 446 1496 3542 1742 3301 3576 3661 2323 2221 3445 163 1645 2696 1904 2365 46 2179 1526 1365 824 2480 3776 2045 2003 3920 2726 4083 3275 1403 3003 3142 2965 1221 3683 400 3419 2080 923 4061 1096 141 3822 3966 549 2565 2462 1603 523 646 3176 790 307 2870 680 1259 
0 3520 2252 247 1755 1213 570 1898 3772 892 2992 2887 3484 2337 2843 3185 717 433 2561 326 3290 1531 3808 657 92 493 3052 2730 1648 907 3435 4090 4006 3659 1447 3853 2429 2806 1949 2151 1985 2442 3117 800 2653 171 1846 3921 2192 282 3383 3607 1098 1249 983 3206 1046 1292 2107 1580 614 1671 1360 2518 
0 2923 371 494 3510 2426 1140 3796 3475 1784 1931 1637 3027 681 1757 2057 1434 866 1257 652 2399 3062 3371 1314 184 986 1843 1471 3296 1814 2621 3871 4007 3197 2894 3825 529 1287 3898 37 3970 1023 2225 1600 1105 342 3692 3657 459 564 2693 3269 2196 2498 1966 2535 2092 2584 157 3160 1228 3342 2720 839 
0 1597 742 988 2951 543 2280 3395 3021 3568 3862 3274 1869 1362 3514 249 2868 1732 2514 1304 597 1799 2749 2628 368 1972 3686 2942 2347 3628 1169 3797 4005 2065 1655 3337 1058 2574 3743 74 4079 2046 393 3200 2210 684 3123 3193 918 1128 1505 2401 451 879 3932 805 179 1243 314 2139 2456 2807 1451 1678 
0 3194 1484 1976 2021 1086 315 2669 1905 2827 3783 2431 3738 2724 2975 498 1667 3464 847 2608 1194 3598 1425 1123 736 3944 3111 1559 701 3251 2338 3393 4001 201 3310 2809 2116 1271 3541 148 3893 4092 786 2539 431 1368 2189 2073 1836 2256 3010 553 902 1758 3667 1610 358 2486 628 93 987 1285 2902 3356 
0 2079 2968 3952 4042 2172 630 1073 3810 1789 3429 533 3551 1443 2005 996 3334 3067 1694 1163 2388 3319 2850 2246 1472 3643 2213 3118 1402 2445 687 2665 4009 402 2359 1305 99 2542 2881 296 3713 3859 1572 829 862 2736 497 217 3672 331 1903 1106 1804 3516 3149 3220 716 903 1256 186 1974 2570 1607 2771 
0 213 2011 3595 3967 19 1260 2146 3375 3578 2593 1066 2901 2886 4010 1992 2791 1821 3388 2326 579 2309 1711 359 2944 3229 417 2231 2804 1009 1374 1081 4025 804 645 2610 198 823 1641 592 3561 3789 3144 1658 1724 1419 994 434 3163 662 3806 2212 3608 2963 2161 2499 1432 1806 2512 372 3948 1279 3214 1357 
0 426 4022 3325 3605 38 2520 47 2741 2847 1193 2132 1601 1639 4031 3984 1317 3642 2707 711 1158 737 3422 718 2027 2513 834 389 1283 2018 2748 2162 3993 1608 1290 1167 396 1646 3282 1184 2873 3441 2171 3316 3448 2838 1988 868 2141 1324 3415 419 3291 1997 9 877 2864 3612 843 744 3635 2558 2551 2714 
0 852 3975 2321 3265 76 859 94 1409 1749 2386 67 3202 3278 3989 4043 2634 3231 1485 1422 2316 1474 2647 1436 4054 841 1668 778 2566 4036 1427 15 4057 3216 2580 2334 792 3292 2383 2368 1689 2569 29 2307 2587 1735 3976 1736 81 2648 2629 838 2397 3994 18 1754 1675 3283 1686 1488 3213 791 773 1503 
0 1704 4069 713 2409 152 1718 188 2818 3498 591 134 2543 2423 4033 3965 1151 2517 2970 2844 755 2948 1093 2872 3911 1682 3336 1556 1255 3939 2854 30 3929 2507 1219 727 1584 2387 629 619 3378 1273 58 749 1245 3470 4091 3472 162 1115 1121 1676 593 4063 36 3508 3350 2381 3372 2976 2545 1582 1546 3006 
0 3408 3873 1426 569 304 3436 376 1775 3007 1182 268 821 517 3945 3601 2302 833 2015 1747 1510 2019 2186 1691 3685 3364 2811 3112 2510 3629 1703 60 3673 893 2438 1454 3168 589 1258 1238 2703 2546 116 1498 2490 3063 3869 3019 324 2230 2242 3352 1186 3925 72 2947 2759 625 2739 1963 777 3164 3092 1943 
0 2635 3753 2852 1138 608 2611 752 3550 1941 2364 536 1642 1034 3641 3273 279 1666 4030 3494 3020 4038 511 3382 3105 2723 1309 2235 887 3249 3406 120 3161 1786 999 2908 2091 1178 2516 2476 1525 783 232 2996 927 1797 3793 1917 648 391 367 2779 2372 3649 144 2029 1381 1250 1421 3926 1554 2131 2243 3886 
0 1149 3513 1699 2276 1216 1165 1504 2903 3882 659 1072 3284 2068 3225 2425 558 3332 3991 2983 1907 3943 1022 2695 2217 1453 2618 413 1774 2441 2679 240 2137 3572 1998 1619 189 2356 835 947 3050 1566 464 1923 1854 3594 3401 3834 1296 782 734 1373 611 3177 288 4058 2762 2500 2842 3655 3108 77 365 3767 
0 2298 2969 3398 291 2432 2330 3008 1605 3775 1318 2144 2371 195 2521 537 1116 2787 4037 1957 3814 3621 2044 1509 441 2906 1183 826 3548 1017 1029 480 89 2819 3996 3238 378 643 1670 1894 1855 3132 928 3846 3708 3327 2681 3359 2592 1564 1468 2746 1222 2105 576 3935 1407 867 1759 3173 2211 154 730 3461 
0 287 2009 2663 582 1003 735 1899 3210 3477 2636 43 621 390 857 1074 2232 1325 3937 3914 3367 3233 4088 3018 882 1631 2366 1652 2899 2034 2058 960 178 1773 4051 2471 756 1286 3340 3788 3710 2195 1856 3815 3091 2325 1049 2773 1195 3128 2936 1439 2444 153 1152 3669 2814 1734 3518 2081 429 308 1460 3041 
0 574 4018 1061 1164 2006 1470 3798 2559 3009 1139 86 1242 780 1714 2148 411 2650 3625 3711 2725 2473 3867 1919 1764 3262 663 3304 1613 4068 255 1920 356 3546 3917 933 1512 2572 2803 3443 3095 461 3712 3365 2253 705 2098 1345 2390 2203 1563 2878 1011 306 2304 3137 1303 3468 2967 169 858 616 2920 1833 
0 1148 3983 2122 2328 4012 2940 3399 789 1897 2278 172 2484 1560 3428 35 822 1119 3257 3093 1441 953 3805 3838 3528 2455 1326 2363 3226 3875 510 3840 712 2911 3697 1866 3024 1267 1293 2573 2245 922 3563 2721 369 1410 143 2690 583 477 3126 1687 2022 612 747 2153 2606 3059 1989 338 1716 1232 1595 3666 
0 2296 4085 127 731 4019 1555 2661 1578 3794 295 344 899 3120 2595 70 1644 2238 2457 2241 2882 1906 3409 3351 2939 965 2652 669 2527 3757 1020 3819 1424 1621 3081 3732 1867 2534 2586 1265 353 1844 2877 1449 738 2820 286 1519 1166 954 2183 3374 4044 1224 1494 57 1207 1805 3978 676 3432 2464 3190 3151 
0 283 3841 254 1462 3981 3110 1057 3156 3407 590 688 1798 2187 1197 140 3288 407 985 361 1647 3812 2633 2757 1565 1930 1107 1338 853 3505 2040 3389 2848 3242 2297 3523 3734 807 1247 2530 706 3688 1681 2898 1476 1763 572 3038 2332 1908 485 2743 3955 2448 2988 114 2414 3610 4095 1352 2619 939 2055 2165 
